[splashscreen.jpg]
filters=Invert=1;Lomo=1,50.000000,0.000000;
moddate=00001e8ab0d40000
width=472
height=266
textactive=0
